Obje = 18880
PosX = -2267.559326
PosY = -62.757549
PosZ = 34.250381
PosRX = 0.000000
PosRY = 0.000000
PosRZ = -46.699989
Limit = 100
