Obje = 18880
PosX = -1903.892822
PosY = -805.887084
PosZ = 43.963119
PosRX = 0.000000
PosRY = 0.000000
PosRZ = 0.000000
Limit = 140
