Obje = 18880
PosX = -1655.584716
PosY = 1253.243041
PosZ = 6.057494
PosRX = 0.000000
PosRY = 0.000000
PosRZ = 43.800014
Limit = 110
