Obje = 18880
PosX = -2878.464843
PosY = -846.315063
PosZ = 6.163358
PosRX = 0.000000
PosRY = 0.000000
PosRZ = 0.000000
Limit = 120
