Obje = 18880
PosX = -1760.890258
PosY = 939.350402
PosZ = 23.640613
PosRX = 0.000000
PosRY = 0.000000
PosRZ = -88.500015
Limit = 100
