Obje = 18880
PosX = -2829.503906
PosY = 608.852172
PosZ = 5.297636
PosRX = 0.000000
PosRY = 0.000000
PosRZ = 0.000000
Limit = 120
