Obje = 18880
PosX = -2208.201904
PosY = 1341.864624
PosZ = 6.127494
PosRX = 0.000000
PosRY = 0.000000
PosRZ = -92.199996
Limit = 120
