Obje = 18880
PosX = -1995.646362
PosY = 375.387725
PosZ = 34.151901
PosRX = 0.000000
PosRY = 0.000000
PosRZ = 0.000000
Limit = 110
