[ATm Kayit Bilgil]
ATMx = -1676.548828
ATMy = 434.773498
ATMz = 6.909689
ATMax = 0.000000
ATMay = 0.000000
ATMaz = 139.900054
