[ATm Kayit Bilgil]
ATMx = -1782.732666
ATMy = 1208.907470
ATMz = 24.786546
ATMax = 0.000000
ATMay = 0.000000
ATMaz = 0.000000
