[ATm Kayit Bilgil]
ATMx = -2276.090576
ATMy = 520.446350
ATMz = 34.845695
ATMax = 0.000000
ATMay = 0.000000
ATMaz = 87.100021
