[ATm Kayit Bilgil]
ATMx = -1983.047485
ATMy = 1041.374755
ATMz = 55.356174
ATMax = 0.000000
ATMay = 0.000000
ATMaz = -178.300003
