Model=980
Owner=Neal
CX=836.057250
CY=-2088.483642
CZ=18.904108
CRX=0.000000
CRY=0.000000
CRZ=0.000000
OX=836.057250
OY=-2088.483642
OZ=13.294098
ORX=0.000000
ORY=0.000000
ORZ=0.000000
Password=
Speed=2.000000
